0 0.89296875 0.50078125 0.046875 0.996875
0 0.91484375 0.50078125 0.040625 0.996875
0 0.7546875 0.50078125 0.046875 0.996875
0 0.65078125 0.50078125 0.0375 0.996875
0 0.584375 0.50078125 0.028125 0.996875
0 0.44921875 0.50078125 0.028125 0.996875
0 0.29609375 0.50078125 0.01875 0.996875
0 0.20703125 0.50078125 0.028125 0.996875
0 0.12578125 0.50078125 0.034375 0.996875
0 0.51015625 0.8796875 0.9796875 0.0671875
0 0.50078125 0.75 0.9984375 0.078125
0 0.50078125 0.5890625 0.9984375 0.046875
0 0.50078125 0.428125 0.9984375 0.065625
0 0.50078125 0.3421875 0.9984375 0.0375
0 0.50078125 0.0828125 0.9984375 0.06875