0 0.49921875 0.0625 0.9984375 0.05
0 0.49921875 0.14375 0.9984375 0.040625
0 0.49921875 0.21484375 0.9984375 0.04375
0 0.49921875 0.2734375 0.9984375 0.0375
0 0.49921875 0.32734375 0.9984375 0.0328125
0 0.49921875 0.39296875 0.9984375 0.03125
0 0.49921875 0.4640625 0.9984375 0.040625
0 0.49921875 0.546875 0.9984375 0.0375
0 0.49921875 0.63671875 0.9984375 0.028125
0 0.49921875 0.74296875 0.9984375 0.021875
0 0.49921875 0.83671875 0.9984375 0.025
0 0.49921875 0.890625 0.9984375 0.021875
0 0.48671875 0.9734375 0.9734375 0.021875
0 0.08046875 0.49921875 0.0515625 0.9984375
0 0.409375 0.49921875 0.059375 0.9984375
0 0.66015625 0.49921875 0.0953125 0.9984375
0 0.946875 0.49921875 0.096875 0.9984375