0 0.49921875 0.02421875 0.99765625 0.04296875
0 0.49921875 0.07109375 0.99765625 0.03671875
0 0.49921875 0.1234375 0.99765625 0.03671875
0 0.49921875 0.1828125 0.99765625 0.034375
0 0.49921875 0.246875 0.99765625 0.0265625
0 0.49921875 0.31875 0.99765625 0.0234375
0 0.49921875 0.4046875 0.99765625 0.0203125
0 0.49921875 0.49453125 0.99765625 0.0203125
0 0.49921875 0.60234375 0.99765625 0.01484375
0 0.49921875 0.70546875 0.99765625 0.01328125
0 0.49921875 0.82109375 0.99765625 0.025
0 0.49921875 0.94453125 0.99765625 0.03515625
0 0.04609375 0.1125 0.0921875 0.225
0 0.10859375 0.34921875 0.2171875 0.6984375
0 0.21796875 0.49921875 0.2234375 0.9984375
0 0.38125 0.49921875 0.1375 0.9984375
0 0.54375 0.49921875 0.046875 0.9984375
0 0.7109375 0.49921875 0.08359375 0.9984375
0 0.878125 0.49921875 0.1921875 0.9984375
0 0.9484375 0.1859375 0.096875 0.371875