0 0.49921875 0.0265625 0.9984375 0.025
0 0.49921875 0.08828125 0.9984375 0.021875
0 0.49921875 0.1578125 0.9984375 0.0171875
0 0.49921875 0.2390625 0.9984375 0.01328125
0 0.49921875 0.32890625 0.9984375 0.0109375
0 0.49921875 0.42265625 0.9984375 0.01171875
0 0.49921875 0.52734375 0.9984375 0.0171875
0 0.49921875 0.62890625 0.9984375 0.028125
0 0.49921875 0.73828125 0.9984375 0.0265625
0 0.49921875 0.8421875 0.9984375 0.02890625
0 0.50390625 0.98203125 0.9890625 0.02734375
0 0.0875 0.49921875 0.175 0.9984375
0 0.271875 0.49921875 0.09453125 0.9984375
0 0.45390625 0.49921875 0.0203125 0.9984375
0 0.65078125 0.49921875 0.1109375 0.9984375
0 0.84921875 0.49921875 0.1953125 0.9984375
0 0.95234375 0.17265625 0.09140625 0.3453125