0 0.0203125 0.49921875 0.040625 0.9984375
0 0.26328125 0.49921875 0.0953125 0.9984375
0 0.5296875 0.49921875 0.175 0.9984375
0 0.7734375 0.49921875 0.24375 0.9984375
0 0.94453125 0.21328125 0.10625 0.4265625
0 0.49921875 0.04765625 0.9984375 0.03125
0 0.49921875 0.12265625 0.9984375 0.0328125
0 0.49921875 0.21328125 0.9984375 0.03125
0 0.49921875 0.3203125 0.9984375 0.0390625
0 0.49921875 0.44609375 0.9984375 0.03984375
0 0.51328125 0.6109375 0.96953125 0.0421875
0 0.49921875 0.70234375 0.9984375 0.04296875
0 0.49921875 0.8453125 0.9984375 0.04921875
0 0.49921875 0.97109375 0.9984375 0.05546875