0 0.22890625 0.4984375 0.2359375 0.996875
0 0.07421875 0.7375 0.1484375 0.5203125
0 0.50234375 0.4984375 0.0828125 0.996875
0 0.79296875 0.4953125 0.1296875 0.990625
0 0.4984375 0.42734375 0.996875 0.0671875
0 0.4984375 0.73984375 0.996875 0.05234375
0 0.5203125 0.6015625 0.953125 0.06640625
0 0.5015625 0.2359375 0.98984375 0.07890625
0 0.4984375 0.0859375 0.996875 0.07265625
0 0.5046875 0.49296875 0.98359375 0.05390625
0 0.1671875 0.4890625 0.23828125 0.97734375
0 0.33984375 0.4875 0.14140625 0.975
0 0.7296875 0.48359375 0.09296875 0.9671875
0 0.9078125 0.49921875 0.18203125 0.9984375
0 0.4984375 0.375 0.996875 0.05234375
0 0.5 0.80546875 0.98984375 0.05625
0 0.4984375 0.875 0.996875 0.0484375
0 0.54609375 0.4828125 0.0359375 0.965625
0 0.4984375 0.70703125 0.996875 0.05390625