0 0.49921875 0.0390625 0.99765625 0.075
0 0.49921875 0.1359375 0.99765625 0.06015625
0 0.49921875 0.2359375 0.99765625 0.0515625
0 0.49921875 0.340625 0.99765625 0.05078125
0 0.48828125 0.44453125 0.9765625 0.0421875
0 0.49921875 0.55078125 0.99765625 0.0375
0 0.49921875 0.6671875 0.99765625 0.0296875
0 0.49921875 0.78203125 0.99765625 0.02265625
0 0.49921875 0.90234375 0.99765625 0.025
0 0.2109375 0.49921875 0.1375 0.9984375
0 0.42734375 0.49921875 0.171875 0.9984375
0 0.63046875 0.49921875 0.21875 0.9984375
0 0.82109375 0.49921875 0.2578125 0.9984375
0 0.93203125 0.27109375 0.13203125 0.5421875