0 0.49921875 0.07109375 0.99765625 0.03828125
0 0.49921875 0.15625 0.99765625 0.0375
0 0.49921875 0.25390625 0.99765625 0.0421875
0 0.49921875 0.38046875 0.99765625 0.0421875
0 0.49921875 0.49765625 0.99765625 0.0546875
0 0.49921875 0.6171875 0.99765625 0.05234375
0 0.49921875 0.740625 0.99765625 0.05859375
0 0.49921875 0.8625 0.99765625 0.06796875
0 0.72890625 0.98203125 0.5375 0.03359375
0 0.1359375 0.49921875 0.06484375 0.9984375
0 0.35234375 0.47109375 0.1078125 0.9421875
0 0.590625 0.49921875 0.175 0.9984375
0 0.82109375 0.49921875 0.25078125 0.9984375
0 0.94765625 0.16953125 0.0984375 0.3390625