0 0.95078125 0.49921875 0.015625 0.9984375
0 0.84765625 0.49921875 0.0109375 0.9984375
0 0.7078125 0.49921875 0.040625 0.9984375
0 0.60625 0.49921875 0.01875 0.9984375
0 0.47265625 0.49921875 0.021875 0.9984375
0 0.3375 0.49921875 0.028125 0.9984375
0 0.178125 0.49921875 0.01875 0.9984375
0 0.0265625 0.49921875 0.021875 0.9984375
0 0.50078125 0.09765625 0.9984375 0.165625
0 0.50078125 0.35546875 0.9984375 0.0984375
0 0.50390625 0.61953125 0.9921875 0.0375
0 0.50078125 0.85859375 0.9984375 0.1046875