0 0.49921875 0.0234375 0.996875 0.046875
0 0.49921875 0.10703125 0.996875 0.053125
0 0.49921875 0.17734375 0.996875 0.05625
0 0.49921875 0.22578125 0.996875 0.05
0 0.49921875 0.33984375 0.996875 0.05625
0 0.49921875 0.37734375 0.996875 0.04375
0 0.49921875 0.50546875 0.996875 0.0609375
0 0.49921875 0.64765625 0.996875 0.053125
0 0.49921875 0.68359375 0.996875 0.0578125
0 0.49921875 0.78125 0.996875 0.0546875
0 0.49921875 0.86796875 0.996875 0.05625
0 0.49921875 0.9296875 0.996875 0.053125
0 0.17109375 0.49921875 0.1078125 0.9984375
0 0.38984375 0.49921875 0.1046875 0.9984375
0 0.5015625 0.49921875 0.13125 0.9984375
0 0.63125 0.49921875 0.11875 0.9984375
0 0.7953125 0.49921875 0.146875 0.9984375
0 0.88125 0.509375 0.14375 0.978125