0 0.49921875 0.07734375 0.99765625 0.07265625
0 0.49921875 0.2046875 0.99765625 0.06328125
0 0.49921875 0.33203125 0.99765625 0.05859375
0 0.49921875 0.484375 0.99765625 0.0640625
0 0.49921875 0.64296875 0.99765625 0.0671875
0 0.49921875 0.840625 0.99765625 0.084375
0 0.02890625 0.11484375 0.0578125 0.2296875
0 0.109375 0.49921875 0.1984375 0.9984375
0 0.27578125 0.49921875 0.1375 0.9984375
0 0.4671875 0.49921875 0.1375 0.9984375
0 0.61640625 0.49921875 0.034375 0.9984375
0 0.77109375 0.49921875 0.03046875 0.9984375
0 0.93125 0.49921875 0.05390625 0.9984375