0 0.49921875 0.0921875 0.9984375 0.03671875
0 0.49921875 0.23671875 0.9984375 0.0421875
0 0.49921875 0.3953125 0.9984375 0.04609375
0 0.49921875 0.57265625 0.9984375 0.04921875
0 0.49921875 0.74765625 0.9984375 0.05390625
0 0.49921875 0.92109375 0.9984375 0.04921875
0 0.115625 0.959375 0.23046875 0.028125
0 0.63125 0.96328125 0.303125 0.07109375
0 0.115625 0.49921875 0.078125 0.9984375
0 0.3484375 0.49921875 0.109375 0.9984375
0 0.59375 0.49921875 0.140625 0.9984375
0 0.853125 0.49921875 0.171875 0.9984375