0 0.4984375 0.05234375 0.99609375 0.0171875
0 0.4984375 0.13203125 0.99609375 0.01953125
0 0.4984375 0.21796875 0.99609375 0.02265625
0 0.4984375 0.29921875 0.99609375 0.028125
0 0.4984375 0.4140625 0.99609375 0.02578125
0 0.4984375 0.5203125 0.99609375 0.0265625
0 0.4984375 0.63984375 0.99609375 0.02890625
0 0.4984375 0.78515625 0.99609375 0.0234375
0 0.4984375 0.953125 0.99609375 0.034375
0 0.11875 0.49921875 0.1890625 0.9984375
0 0.44375 0.49921875 0.06640625 0.9984375
0 0.80546875 0.49921875 0.19453125 0.9984375