0 0.49921875 0.01640625 0.9984375 0.028125
0 0.49921875 0.04453125 0.9984375 0.0375
0 0.49921875 0.16171875 0.9984375 0.0328125
0 0.49921875 0.17890625 0.9984375 0.025
0 0.49921875 0.2671875 0.9984375 0.04375
0 0.49921875 0.34140625 0.9984375 0.034375
0 0.5046875 0.35703125 0.9875 0.01875
0 0.49921875 0.465625 0.9984375 0.0484375
0 0.49921875 0.53359375 0.9984375 0.021875
0 0.49921875 0.54921875 0.9984375 0.01875
0 0.49921875 0.63203125 0.9984375 0.015625
0 0.49921875 0.74453125 0.9984375 0.034375
0 0.49921875 0.7671875 0.9984375 0.028125
0 0.49921875 0.87265625 0.9984375 0.0296875
0 0.49921875 0.9546875 0.9984375 0.0328125
0 0.03359375 0.16171875 0.065625 0.3234375
0 0.14296875 0.49921875 0.1703125 0.9984375
0 0.39140625 0.49921875 0.0828125 0.9984375
0 0.54609375 0.49921875 0.0640625 0.9984375
0 0.8359375 0.49921875 0.084375 0.9984375
0 0.94140625 0.49921875 0.1015625 0.9984375