0 0.49921875 0.028125 0.996875 0.0359375
0 0.49921875 0.07109375 0.996875 0.046875
0 0.49921875 0.13046875 0.996875 0.0375
0 0.49921875 0.1875 0.996875 0.0375
0 0.49921875 0.246875 0.996875 0.03125
0 0.49921875 0.30625 0.996875 0.0390625
0 0.49921875 0.36484375 0.996875 0.0359375
0 0.49921875 0.44140625 0.996875 0.034375
0 0.49921875 0.50390625 0.996875 0.040625
0 0.49921875 0.571875 0.996875 0.0390625
0 0.49921875 0.65078125 0.996875 0.025
0 0.49921875 0.734375 0.996875 0.034375
0 0.49921875 0.81640625 0.996875 0.0140625
0 0.49921875 0.89765625 0.996875 0.01875
0 0.49921875 0.98359375 0.996875 0.015625
0 0.11640625 0.49921875 0.0546875 0.9984375
0 0.33125 0.49921875 0.0875 0.9984375
0 0.59140625 0.490625 0.13125 0.98125
0 0.8375 0.49921875 0.165625 0.9984375
0 0.97265625 0.11484375 0.05 0.2296875