0 0.49921875 0.0171875 0.99765625 0.0234375
0 0.49921875 0.0859375 0.99765625 0.0296875
0 0.49921875 0.15 0.99765625 0.02265625
0 0.49921875 0.22265625 0.99765625 0.02265625
0 0.49921875 0.28984375 0.99765625 0.01796875
0 0.49921875 0.3640625 0.99765625 0.0203125
0 0.49921875 0.4515625 0.99765625 0.01640625
0 0.49921875 0.55 0.99765625 0.01953125
0 0.49921875 0.65234375 0.99765625 0.0203125
0 0.49921875 0.80234375 0.99765625 0.0296875
0 0.49921875 0.93359375 0.99765625 0.0328125
0 0.1046875 0.49921875 0.121875 0.9984375
0 0.3328125 0.490625 0.03125 0.98125
0 0.54375 0.49921875 0.08515625 0.9984375
0 0.75859375 0.49921875 0.17890625 0.9984375
0 0.91484375 0.3234375 0.1640625 0.646875