0 0.49921875 0.053125 0.99765625 0.08671875
0 0.49921875 0.18359375 0.99765625 0.0890625
0 0.49921875 0.3234375 0.99765625 0.1046875
0 0.49921875 0.4640625 0.99765625 0.10546875
0 0.49921875 0.62109375 0.99765625 0.1125
0 0.49921875 0.78984375 0.99765625 0.11640625
0 0.6578125 0.96015625 0.68046875 0.0765625
0 0.08984375 0.49921875 0.1546875 0.9984375
0 0.31640625 0.49921875 0.22265625 0.9984375
0 0.54765625 0.49921875 0.2578125 0.9984375
0 0.76328125 0.46875 0.29765625 0.9375
0 0.91015625 0.25 0.175 0.5