0 0.49921875 0.06328125 0.99765625 0.0125
0 0.49921875 0.159375 0.99765625 0.01484375
0 0.49921875 0.25390625 0.99765625 0.01796875
0 0.49921875 0.3515625 0.99765625 0.0140625
0 0.49921875 0.4328125 0.99765625 0.02421875
0 0.49921875 0.53984375 0.99765625 0.0328125
0 0.49921875 0.65234375 0.99765625 0.0296875
0 0.49921875 0.78671875 0.99765625 0.040625
0 0.05390625 0.45078125 0.06484375 0.9015625
0 0.58046875 0.953125 0.83515625 0.03984375
0 0.23515625 0.49921875 0.03046875 0.9984375
0 0.44609375 0.49921875 0.11796875 0.9984375
0 0.6328125 0.4515625 0.15390625 0.90234375
0 0.8390625 0.49921875 0.23203125 0.9984375
0 0.94453125 0.19140625 0.1078125 0.3828125