0 0.49921875 0.0359375 0.99765625 0.0546875
0 0.49921875 0.10546875 0.99765625 0.0359375
0 0.49921875 0.184375 0.99765625 0.0171875
0 0.49921875 0.284375 0.99765625 0.0203125
0 0.49921875 0.3921875 0.99765625 0.03359375
0 0.49921875 0.52734375 0.99765625 0.05390625
0 0.49921875 0.64375 0.99765625 0.08046875
0 0.49921875 0.78828125 0.99765625 0.10859375
0 0.675 0.953125 0.6453125 0.0921875
0 0.12265625 0.49921875 0.1703125 0.9984375
0 0.30703125 0.4953125 0.2484375 0.990625
0 0.4796875 0.49921875 0.35625 0.9984375
0 0.64140625 0.49921875 0.4296875 0.9984375
0 0.77109375 0.428125 0.45390625 0.85625
0 0.83515625 0.26796875 0.32578125 0.5359375
0 0.884375 0.1625 0.22734375 0.325
0 0.9421875 0.06953125 0.1109375 0.1390625