0 0.49921875 0.05859375 0.9984375 0.01796875
0 0.49921875 0.10703125 0.9984375 0.02734375
0 0.49921875 0.2796875 0.9984375 0.03125
0 0.49921875 0.32265625 0.9984375 0.028125
0 0.49921875 0.55546875 0.9984375 0.02890625
0 0.49921875 0.57890625 0.9984375 0.02890625
0 0.484375 0.8390625 0.96875 0.04375
0 0.49921875 0.87421875 0.9984375 0.04140625
0 0.23046875 0.49921875 0.0390625 0.9984375
0 0.175 0.56875 0.09296875 0.8609375
0 0.59453125 0.49921875 0.0984375 0.9984375
0 0.71875 0.49921875 0.178125 0.9984375