0 0.49921875 0.06875 0.9984375 0.059375
0 0.49921875 0.1359375 0.9984375 0.06875
0 0.49921875 0.1625 0.9984375 0.06171875
0 0.49921875 0.30625 0.9984375 0.0578125
0 0.49921875 0.496875 0.9984375 0.06953125
0 0.49921875 0.54921875 0.9984375 0.06171875
0 0.11953125 0.49921875 0.0515625 0.9984375
0 0.19921875 0.49921875 0.0984375 0.9984375
0 0.5640625 0.49921875 0.134375 0.9984375
0 0.759375 0.49921875 0.18125 0.9984375
0 0.94375 0.23515625 0.109375 0.4703125
0 0.49921875 0.903125 0.9984375 0.07421875
0 0.49921875 0.87578125 0.996875 0.08515625