0 0.49921875 0.08671875 0.9984375 0.021875
0 0.49921875 0.1984375 0.9984375 0.025
0 0.49921875 0.30703125 0.9984375 0.03125
0 0.49921875 0.421875 0.9984375 0.0328125
0 0.49921875 0.53046875 0.9984375 0.0390625
0 0.49921875 0.6484375 0.9984375 0.0453125
0 0.49921875 0.77265625 0.9984375 0.053125
0 0.49921875 0.89453125 0.9984375 0.05625
0 0.0921875 0.49921875 0.13125 0.9984375
0 0.32734375 0.49921875 0.1046875 0.9984375
0 0.5453125 0.49921875 0.065625 0.9984375
0 0.77265625 0.49921875 0.0546875 0.9984375