0 0.4984375 0.0765625 0.996875 0.04375
0 0.4921875 0.16328125 0.98359375 0.0375
0 0.4984375 0.25703125 0.996875 0.0328125
0 0.4984375 0.365625 0.996875 0.021875
0 0.4984375 0.47578125 0.996875 0.0140625
0 0.4984375 0.60234375 0.996875 0.0328125
0 0.4984375 0.72421875 0.996875 0.0359375
0 0.4984375 0.86328125 0.996875 0.0578125
0 0.77421875 0.9859375 0.44609375 0.02578125
0 0.075 0.49921875 0.0328125 0.9984375
0 0.2890625 0.49921875 0.07578125 0.9984375
0 0.496875 0.49921875 0.1109375 0.9984375
0 0.6875 0.49921875 0.16875 0.9984375
0 0.8703125 0.49921875 0.21484375 0.9984375
0 0.971875 0.1140625 0.0515625 0.228125