0 0.49921875 0.0484375 0.9984375 0.015625
0 0.49921875 0.1078125 0.9984375 0.01953125
0 0.49921875 0.2640625 0.9984375 0.01796875
0 0.49921875 0.296875 0.9984375 0.0171875
0 0.49921875 0.5234375 0.9984375 0.03046875
0 0.49921875 0.8109375 0.9984375 0.0234375
0 0.2890625 0.49921875 0.11875 0.9984375
0 0.3328125 0.49921875 0.103125 0.9984375
0 0.06875 0.49921875 0.1375 0.9984375
0 0.58515625 0.49921875 0.0421875 0.9984375
0 0.8140625 0.49921875 0.078125 0.9984375
0 0.85625 0.49921875 0.1 0.9984375