0 0.49921875 0.090625 0.99765625 0.0328125
0 0.49921875 0.17109375 0.99765625 0.03984375
0 0.49921875 0.26796875 0.99765625 0.02734375
0 0.49921875 0.31015625 0.99765625 0.02421875
0 0.49921875 0.45703125 0.99765625 0.03984375
0 0.49921875 0.60546875 0.99765625 0.03984375
0 0.49921875 0.64609375 0.99765625 0.053125
0 0.49921875 0.7515625 0.99765625 0.04453125
0 0.49921875 0.84140625 0.99765625 0.06484375
0 0.49921875 0.9125 0.99765625 0.05859375
0 0.05 0.49921875 0.03125 0.9984375
0 0.18515625 0.49921875 0.06953125 0.9984375
0 0.27734375 0.49921875 0.040625 0.9984375
0 0.453125 0.49921875 0.04765625 0.9984375
0 0.496875 0.49921875 0.02265625 0.9984375
0 0.7296875 0.49921875 0.06640625 0.9984375
0 0.95546875 0.49921875 0.0359375 0.9984375
0 0.49921875 0.03203125 0.99765625 0.0484375