0 0.49921875 0.03828125 0.9984375 0.07578125
0 0.49921875 0.06328125 0.9984375 0.07578125
0 0.49921875 0.2875 0.9984375 0.05078125
0 0.49921875 0.35703125 0.9984375 0.05078125
0 0.49921875 0.53203125 0.9984375 0.021875
0 0.49921875 0.621875 0.9984375 0.0171875
0 0.49921875 0.77890625 0.9984375 0.05078125
0 0.49921875 0.88046875 0.9984375 0.05234375
0 0.47421875 0.97265625 0.9484375 0.053125
0 0.05234375 0.49921875 0.0515625 0.9984375
0 0.09140625 0.49921875 0.0609375 0.9984375
0 0.2828125 0.49921875 0.08125 0.9984375
0 0.40390625 0.49921875 0.0546875 0.9984375
0 0.45078125 0.49921875 0.0609375 0.9984375
0 0.5828125 0.49921875 0.06875 0.9984375
0 0.79140625 0.49921875 0.0390625 0.9984375
0 0.8453125 0.49921875 0.05 0.9984375