0 0.49921875 0.06953125 0.9984375 0.03671875
0 0.50078125 0.15703125 0.9953125 0.0375
0 0.5125 0.25390625 0.97265625 0.04453125
0 0.4890625 0.35078125 0.978125 0.04609375
0 0.49921875 0.4484375 0.9984375 0.05234375
0 0.49921875 0.5375 0.9984375 0.05390625
0 0.49921875 0.63828125 0.9984375 0.05859375
0 0.49921875 0.73984375 0.9984375 0.059375
0 0.49921875 0.84921875 0.9984375 0.0625
0 0.49921875 0.9609375 0.9984375 0.06484375
0 0.44921875 0.49921875 0.2328125 0.9984375
0 0.24765625 0.49921875 0.2078125 0.9984375
0 0.65234375 0.49921875 0.2515625 0.9984375
0 0.83984375 0.49921875 0.2734375 0.9984375
0 0.9421875 0.2078125 0.1125 0.415625
0 0.06796875 0.5484375 0.13515625 0.9015625