0 0.503125 0.03828125 0.990625 0.03828125
0 0.49921875 0.14140625 0.9984375 0.04375
0 0.49921875 0.23984375 0.9984375 0.03671875
0 0.49921875 0.3953125 0.9984375 0.02734375
0 0.49921875 0.4234375 0.9984375 0.0140625
0 0.49921875 0.63515625 0.9984375 0.02109375
0 0.49921875 0.71796875 0.9984375 0.02578125
0 0.49921875 0.8703125 0.9984375 0.02421875
0 0.13515625 0.49921875 0.1109375 0.9984375
0 0.40546875 0.49921875 0.0453125 0.9984375
0 0.6671875 0.49921875 0.03125 0.9984375
0 0.82421875 0.49921875 0.0578125 0.9984375