0 0.4984375 0.0421875 0.996875 0.034375
0 0.4984375 0.125 0.996875 0.0375
0 0.4984375 0.21171875 0.996875 0.0390625
0 0.4984375 0.303125 0.996875 0.0375
0 0.4984375 0.40234375 0.996875 0.0421875
0 0.4984375 0.5125 0.996875 0.04375
0 0.4984375 0.63671875 0.996875 0.0421875
0 0.4984375 0.78984375 0.996875 0.0390625
0 0.4984375 0.9234375 0.996875 0.040625
0 0.15625 0.49921875 0.08359375 0.9984375
0 0.40625 0.4984375 0.06640625 0.996875
0 0.65390625 0.49921875 0.13515625 0.9984375
0 0.890625 0.49921875 0.20546875 0.9984375