0 0.49296875 0.08671875 0.9859375 0.04296875
0 0.49921875 0.15 0.99765625 0.05546875
0 0.49921875 0.27265625 0.99765625 0.0609375
0 0.49921875 0.415625 0.99765625 0.06484375
0 0.49921875 0.5328125 0.99765625 0.06640625
0 0.49921875 0.64453125 0.99765625 0.075
0 0.49921875 0.78359375 0.99765625 0.08203125
0 0.49921875 0.93203125 0.99765625 0.0875
0 0.08984375 0.61484375 0.1796875 0.7671875
0 0.27734375 0.49921875 0.3296875 0.9984375
0 0.55078125 0.49921875 0.38828125 0.9984375
0 0.77421875 0.4984375 0.4421875 0.996875
0 0.8765625 0.28203125 0.240625 0.5640625
0 0.96875 0.0546875 0.05625 0.109375