0 0.49921875 0.06875 0.9984375 0.05
0 0.49921875 0.16953125 0.9984375 0.0484375
0 0.49921875 0.2765625 0.9984375 0.0421875
0 0.49921875 0.3828125 0.9984375 0.03984375
0 0.49921875 0.50546875 0.9984375 0.03984375
0 0.49921875 0.634375 0.9984375 0.03984375
0 0.49921875 0.78203125 0.9984375 0.0421875
0 0.49921875 0.91484375 0.9984375 0.04296875
0 0.13125 0.49921875 0.11875 0.9984375
0 0.35546875 0.49921875 0.0859375 0.9984375
0 0.596875 0.49921875 0.08125 0.9984375
0 0.8625 0.49921875 0.128125 0.9984375