0 0.15234375 0.60234375 0.0859375 0.7953125
0 0.375 0.2 0.74921875 0.09921875
0 0.375 0.30703125 0.74921875 0.08359375
0 0.3765625 0.38671875 0.74609375 0.0765625
0 0.375 0.47421875 0.74921875 0.06484375
0 0.375 0.5921875 0.74921875 0.05625
0 0.375 0.7171875 0.74921875 0.053125
0 0.375 0.8453125 0.74921875 0.04453125
0 0.37421875 0.95234375 0.746875 0.07421875
0 0.54609375 0.5640625 0.0359375 0.871875
0 0.72421875 0.55625 0.0265625 0.8875
0 0.36328125 0.57734375 0.0390625 0.8453125
0 0.2046875 0.6296875 0.040625 0.740625
0 0.040625 0.6 0.053125 0.8