0 0.49921875 0.071875 0.9984375 0.01640625
0 0.49921875 0.1390625 0.9984375 0.02109375
0 0.49921875 0.209375 0.9984375 0.01640625
0 0.49921875 0.28515625 0.9984375 0.0125
0 0.49921875 0.36953125 0.9984375 0.01484375
0 0.49921875 0.46640625 0.9984375 0.01171875
0 0.49921875 0.5671875 0.9984375 0.0125
0 0.49921875 0.69375 0.9984375 0.0234375
0 0.49921875 0.8015625 0.9984375 0.02421875
0 0.49921875 0.91484375 0.9984375 0.0296875
0 0.096875 0.5 0.1234375 0.99921875
0 0.3140625 0.5 0.05234375 0.99921875
0 0.5484375 0.5 0.09609375 0.99921875
0 0.78046875 0.5 0.18984375 0.99921875
0 0.934375 0.221875 0.12734375 0.44375
0 0.49921875 0.01015625 0.9984375 0.0203125