0 0.49921875 0.065625 0.99765625 0.01875
0 0.49921875 0.18359375 0.99765625 0.01484375
0 0.49921875 0.28359375 0.99765625 0.01171875
0 0.49921875 0.40234375 0.99765625 0.01328125
0 0.49921875 0.509375 0.99765625 0.01328125
0 0.49921875 0.62109375 0.99765625 0.01328125
0 0.49921875 0.75625 0.99765625 0.0140625
0 0.49921875 0.88984375 0.99765625 0.01796875
0 0.11015625 0.49921875 0.1859375 0.9984375
0 0.34765625 0.49921875 0.0984375 0.9984375
0 0.596875 0.49921875 0.040625 0.9984375
0 0.86484375 0.49921875 0.1515625 0.9984375