0 0.49921875 0.02421875 0.99765625 0.04140625
0 0.49921875 0.11640625 0.99765625 0.0390625
0 0.49921875 0.2234375 0.99765625 0.0375
0 0.49921875 0.34375 0.99765625 0.0328125
0 0.49921875 0.4671875 0.99765625 0.02890625
0 0.49921875 0.59453125 0.99765625 0.0265625
0 0.4859375 0.7328125 0.97109375 0.0375
0 0.49921875 0.8890625 0.99765625 0.03984375
0 0.11484375 0.49921875 0.1609375 0.9984375
0 0.3859375 0.49921875 0.234375 0.9984375
0 0.65703125 0.49921875 0.3046875 0.9984375
0 0.8703125 0.41328125 0.25625 0.8265625