0 0.49921875 0.05703125 0.99765625 0.06796875
0 0.49921875 0.13984375 0.99765625 0.06484375
0 0.49921875 0.23671875 0.99765625 0.06015625
0 0.49921875 0.3296875 0.99765625 0.0484375
0 0.49921875 0.4328125 0.99765625 0.04453125
0 0.49921875 0.540625 0.99765625 0.04453125
0 0.49921875 0.65703125 0.99765625 0.03828125
0 0.49921875 0.7828125 0.99765625 0.0375
0 0.49921875 0.928125 0.99765625 0.03984375
0 0.1453125 0.49921875 0.1625 0.9984375
0 0.37890625 0.49921875 0.12109375 0.9984375
0 0.625 0.49921875 0.0875 0.9984375
0 0.8734375 0.49921875 0.07421875 0.9984375