0 0.49921875 0.27421875 0.9984375 0.05859375
0 0.49921875 0.31875 0.9984375 0.0453125
0 0.49921875 0.5640625 0.9984375 0.03125
0 0.49921875 0.59765625 0.9984375 0.04453125
0 0.49921875 0.80390625 0.9984375 0.03125
0 0.49921875 0.878125 0.9984375 0.03515625
0 0.06640625 0.61328125 0.0515625 0.77109375
0 0.134375 0.64375 0.0765625 0.71015625
0 0.5234375 0.625 0.02890625 0.74765625
0 0.559375 0.6484375 0.03671875 0.7015625
0 0.8484375 0.66484375 0.04296875 0.66875
0 0.928125 0.6421875 0.04453125 0.71328125