0 0.49921875 0.059375 0.99765625 0.0375
0 0.49921875 0.13046875 0.99765625 0.04375
0 0.49921875 0.23359375 0.99765625 0.0453125
0 0.49921875 0.35078125 0.99765625 0.0546875
0 0.49921875 0.465625 0.99765625 0.0578125
0 0.49921875 0.59453125 0.99765625 0.05703125
0 0.49921875 0.7234375 0.99765625 0.05546875
0 0.48828125 0.86328125 0.97578125 0.05859375
0 0.12578125 0.49921875 0.078125 0.9984375
0 0.39296875 0.49921875 0.146875 0.9984375
0 0.64609375 0.49921875 0.20546875 0.9984375
0 0.88828125 0.48046875 0.2171875 0.9609375
0 0.50625 0.9375 0.0453125 0.1234375