0 0.49921875 0.034375 0.99765625 0.03203125
0 0.49921875 0.12421875 0.99765625 0.025
0 0.49921875 0.23203125 0.99765625 0.01640625
0 0.49921875 0.35703125 0.99765625 0.0234375
0 0.49921875 0.48515625 0.99765625 0.0390625
0 0.49921875 0.61875 0.99765625 0.05
0 0.49921875 0.78828125 0.99765625 0.06953125
0 0.5296875 0.9546875 0.9359375 0.08359375
0 0.1671875 0.5 0.05859375 0.9984375
0 0.41953125 0.49921875 0.1234375 0.9984375
0 0.65625 0.49921875 0.21171875 0.9984375
0 0.85 0.49921875 0.2625 0.9984375
0 0.9390625 0.20546875 0.11796875 0.41015625