0 0.4984375 0.1046875 0.996875 0.0375
0 0.4984375 0.2078125 0.996875 0.025
0 0.4984375 0.29921875 0.996875 0.0265625
0 0.4984375 0.4140625 0.996875 0.028125
0 0.4984375 0.55234375 0.996875 0.0265625
0 0.4984375 0.69609375 0.996875 0.0203125
0 0.4984375 0.8296875 0.996875 0.025
0 0.4984375 0.9546875 0.996875 0.0375
0 0.3453125 0.01015625 0.690625 0.0203125
0 0.178125 0.50546875 0.1546875 0.9859375
0 0.41875 0.503125 0.0921875 0.99140625
0 0.62890625 0.5 0.034375 0.996875
0 0.88203125 0.49921875 0.10703125 0.9984375
0 0.03359375 0.2015625 0.0671875 0.403125