0 0.49765625 0.0359375 0.9953125 0.04765625
0 0.34453125 0.053125 0.6890625 0.0484375
0 0.49765625 0.14609375 0.9953125 0.04765625
0 0.36484375 0.1625 0.72734375 0.040625
0 0.49765625 0.28359375 0.9953125 0.05078125
0 0.37890625 0.29375 0.7578125 0.046875
0 0.49765625 0.4015625 0.9953125 0.059375
0 0.49765625 0.55390625 0.9953125 0.059375
0 0.49765625 0.68671875 0.9953125 0.040625
0 0.46875 0.71640625 0.9375 0.05703125
0 0.49765625 0.815625 0.9953125 0.0421875
0 0.4171875 0.8390625 0.834375 0.0484375
0 0.49765625 0.9296875 0.9953125 0.0453125
0 0.4671875 0.95234375 0.934375 0.0453125
0 0.11953125 0.49921875 0.2015625 0.99765625
0 0.37578125 0.49921875 0.19453125 0.99765625
0 0.640625 0.49921875 0.1765625 0.99765625
0 0.89296875 0.49921875 0.1546875 0.9984375