0 0.4984375 0.00859375 0.996875 0.0171875
0 0.596875 0.0375 0.80078125 0.01640625
0 0.4984375 0.09375 0.996875 0.0109375
0 0.4984375 0.16171875 0.996875 0.01875
0 0.4984375 0.2421875 0.996875 0.0109375
0 0.4984375 0.3328125 0.996875 0.01953125
0 0.4984375 0.434375 0.996875 0.021875
0 0.4984375 0.540625 0.996875 0.02578125
0 0.4984375 0.65390625 0.996875 0.021875
0 0.4984375 0.76171875 0.996875 0.02421875
0 0.4984375 0.90078125 0.996875 0.0140625
0 0.0265625 0.11328125 0.053125 0.22578125
0 0.1546875 0.49921875 0.1359375 0.9984375
0 0.37109375 0.49921875 0.053125 0.9984375
0 0.58671875 0.49921875 0.06328125 0.9984375
0 0.78359375 0.49921875 0.12734375 0.9984375
0 0.9359375 0.30625 0.121875 0.61171875