0 0.49921875 0.49375 0.9984375 0.07734375
0 0.21328125 0.49921875 0.14453125 0.9984375
0 0.546875 0.49921875 0.0640625 0.9984375
0 0.49921875 0.29140625 0.9984375 0.05234375
0 0.49921875 0.696875 0.9984375 0.075
0 0.49921875 0.73046875 0.9984375 0.07265625
0 0.49921875 0.8625 0.9984375 0.0890625
0 0.49921875 0.04140625 0.9984375 0.04296875
0 0.803125 0.49921875 0.0796875 0.9984375
0 0.93125 0.49921875 0.05390625 0.9984375
0 0.49921875 0.265625 0.9984375 0.05
0 0.50625 0.49921875 0.07109375 0.9984375
0 0.2203125 0.49921875 0.0640625 0.9984375
0 0.49921875 0.953125 0.9984375 0.09140625
0 0.49921875 0.01796875 0.99765625 0.02890625