0 0.5890625 0.0375 0.81875 0.07421875
0 0.50546875 0.10859375 0.98515625 0.09296875
0 0.51640625 0.20234375 0.9625 0.07890625
0 0.48203125 0.3171875 0.9640625 0.065625
0 0.49765625 0.4234375 0.9953125 0.0515625
0 0.49921875 0.52734375 0.9984375 0.04140625
0 0.49921875 0.6421875 0.9984375 0.03046875
0 0.49921875 0.75859375 0.9984375 0.03828125
0 0.49921875 0.91328125 0.9984375 0.07109375
0 0.084375 0.49921875 0.16875 0.9984375
0 0.28984375 0.49921875 0.2359375 0.9984375
0 0.50078125 0.49921875 0.2453125 0.9984375
0 0.6890625 0.49921875 0.275 0.9984375
0 0.8484375 0.49921875 0.296875 0.9984375
0 0.9359375 0.2234375 0.125 0.446875