0 0.5015625 0.415625 0.996875 0.046875
0 0.50078125 0.475 0.996875 0.0375
0 0.5 0.58125 1 0.03125
0 0.5015625 0.65625 0.996875 0.046875
0 0.5 0.71796875 1 0.046875
0 0.56328125 0.5453125 0.0296875 0.38125
0 0.43671875 0.54609375 0.028125 0.36875
0 0.31484375 0.54375 0.05 0.371875
0 0.196875 0.53671875 0.0671875 0.3671875
0 0.07265625 0.53984375 0.08125 0.378125
0 0.6828125 0.5421875 0.053125 0.384375
0 0.81484375 0.54453125 0.071875 0.3796875
0 0.9421875 0.54609375 0.096875 0.3703125
0 0.5 0.36796875 1 0.0375
0 0.5 0.76015625 1 0.0234375