0 0.4984375 0.05703125 0.996875 0.0328125
0 0.4984375 0.1671875 0.996875 0.01875
0 0.4984375 0.2765625 0.996875 0.028125
0 0.4984375 0.396875 0.996875 0.053125
0 0.4984375 0.5140625 0.996875 0.071875
0 0.5015625 0.6375 0.9921875 0.09296875
0 0.4984375 0.765625 0.996875 0.109375
0 0.4984375 0.896875 0.996875 0.134375
0 0.8953125 0.984375 0.20390625 0.02890625
0 0.2265625 0.49921875 0.1546875 0.9984375
0 0.440625 0.49921875 0.1953125 0.9984375
0 0.6265625 0.49921875 0.2390625 0.9984375
0 0.7890625 0.49921875 0.27421875 0.9984375
0 0.8984375 0.35390625 0.19765625 0.70703125
0 0.9640625 0.10625 0.0671875 0.2125
0 0.02109375 0.81171875 0.0421875 0.37421875