0 0.49921875 0.03984375 0.9984375 0.0796875
0 0.49921875 0.10078125 0.9984375 0.075
0 0.49921875 0.1765625 0.9984375 0.075
0 0.49921875 0.296875 0.9984375 0.05859375
0 0.49921875 0.3328125 0.9984375 0.05078125
0 0.49921875 0.471875 0.9984375 0.03359375
0 0.49921875 0.5953125 0.9984375 0.025
0 0.49921875 0.61484375 0.9984375 0.0171875
0 0.49921875 0.765625 0.9984375 0.02109375
0 0.49921875 0.8359375 0.9984375 0.02734375
0 0.49921875 0.87734375 0.9984375 0.025
0 0.33359375 0.99140625 0.66640625 0.015625
0 0.096875 0.49296875 0.03671875 0.98515625
0 0.16328125 0.4953125 0.04296875 0.98984375
0 0.5515625 0.4984375 0.0765625 0.99609375
0 0.5859375 0.4984375 0.05 0.996875