0 0.4984375 0.021875 0.996875 0.03515625
0 0.4984375 0.11953125 0.996875 0.0453125
0 0.4984375 0.22265625 0.996875 0.05078125
0 0.4984375 0.33359375 0.996875 0.05078125
0 0.4984375 0.453125 0.996875 0.06171875
0 0.4984375 0.58515625 0.996875 0.06640625
0 0.4984375 0.740625 0.996875 0.08515625
0 0.4984375 0.90390625 0.996875 0.090625
0 0.08984375 0.49921875 0.16484375 0.9984375
0 0.36484375 0.4984375 0.2484375 0.996875
0 0.628125 0.49921875 0.328125 0.9984375
0 0.84921875 0.38984375 0.29609375 0.77890625
0 0.9578125 0.0828125 0.07890625 0.16484375