0 0.49765625 0.05390625 0.9953125 0.03125
0 0.49765625 0.1234375 0.9953125 0.02734375
0 0.49765625 0.315625 0.9953125 0.03515625
0 0.49765625 0.37734375 0.9953125 0.040625
0 0.49765625 0.575 0.9953125 0.04375
0 0.49765625 0.65 0.9953125 0.053125
0 0.49765625 0.85078125 0.9953125 0.05546875
0 0.51015625 0.89921875 0.97109375 0.05859375
0 0.08359375 0.4984375 0.1046875 0.996875
0 0.44921875 0.4984375 0.1515625 0.996875
0 0.52734375 0.4984375 0.2015625 0.996875
0 0.8953125 0.41328125 0.20078125 0.821875
0 0.95546875 0.15234375 0.08046875 0.30390625