0 0.02578125 0.49921875 0.0515625 0.9984375
0 0.05859375 0.49921875 0.0421875 0.9984375
0 0.20390625 0.49921875 0.0265625 0.9984375
0 0.45078125 0.49921875 0.0765625 0.9984375
0 0.678125 0.49921875 0.128125 0.9984375
0 0.8875 0.49921875 0.18125 0.9984375
0 0.93125 0.36875 0.134375 0.73671875
0 0.49921875 0.0875 0.9984375 0.01953125
0 0.49921875 0.1421875 0.9984375 0.02734375
0 0.49921875 0.30390625 0.9984375 0.0203125
0 0.49921875 0.33984375 0.9984375 0.02734375
0 0.49921875 0.55546875 0.9984375 0.0296875
0 0.49921875 0.57265625 0.9984375 0.02265625
0 0.49921875 0.853125 0.9984375 0.03046875
0 0.36640625 0.953125 0.0390625 0.0921875
0 0.64921875 0.946875 0.05390625 0.1046875