0 0.49921875 0.09375 0.9984375 0.01484375
0 0.49921875 0.1859375 0.9984375 0.015625
0 0.49921875 0.25703125 0.9984375 0.01171875
0 0.49921875 0.45390625 0.9984375 0.0171875
0 0.49921875 0.4390625 0.9984375 0.0171875
0 0.49921875 0.621875 0.9984375 0.0109375
0 0.49921875 0.72890625 0.9984375 0.02109375
0 0.49921875 0.83984375 0.9984375 0.0171875
0 0.0875 0.49921875 0.11875 0.9984375
0 0.19453125 0.49921875 0.1234375 0.9984375
0 0.4046875 0.49921875 0.03125 0.9984375
0 0.6984375 0.49921875 0.06875 0.9984375
0 0.76171875 0.49921875 0.1359375 0.9984375