0 0.234375 0.01171875 0.46796875 0.0234375
0 0.49921875 0.0578125 0.99765625 0.06015625
0 0.49921875 0.12109375 0.99765625 0.0578125
0 0.49921875 0.1890625 0.99765625 0.05078125
0 0.49921875 0.25703125 0.99765625 0.046875
0 0.49921875 0.33125 0.99765625 0.040625
0 0.503125 0.42265625 0.98984375 0.0296875
0 0.49921875 0.51796875 0.99765625 0.0265625
0 0.49921875 0.6328125 0.99765625 0.02265625
0 0.49921875 0.74921875 0.99765625 0.015625
0 0.49921875 0.88828125 0.99765625 0.01484375
0 0.0515625 0.2453125 0.103125 0.490625
0 0.15546875 0.49921875 0.1828125 0.9984375
0 0.3328125 0.49921875 0.1 0.9984375
0 0.51015625 0.49921875 0.02578125 0.9984375
0 0.68828125 0.49921875 0.09296875 0.9984375
0 0.85546875 0.49921875 0.16171875 0.9984375
0 0.97265625 0.1140625 0.046875 0.228125