0 0.74765625 0.50078125 0.071875 0.9984375
0 0.621875 0.50078125 0.08125 0.9984375
0 0.46875 0.50078125 0.08125 0.9984375
0 0.31640625 0.50078125 0.09375 0.9984375
0 0.16328125 0.50078125 0.096875 0.9984375
0 0.871875 0.50078125 0.065625 0.9984375
0 0.98515625 0.69453125 0.0296875 0.6109375
0 0.50078125 0.80234375 0.9984375 0.1453125
0 0.50078125 0.53828125 0.9984375 0.1609375
0 0.50078125 0.2609375 0.9984375 0.25625
0 0.7546875 0.08046875 0.490625 0.15625
0 0.0171875 0.18046875 0.03125 0.3546875