0 0.49921875 0.05625 0.996875 0.078125
0 0.49921875 0.16484375 0.996875 0.071875
0 0.49921875 0.2734375 0.996875 0.0734375
0 0.49921875 0.3703125 0.996875 0.071875
0 0.49921875 0.5125 0.996875 0.08125
0 0.49921875 0.6265625 0.996875 0.08125
0 0.49921875 0.75859375 0.996875 0.0890625
0 0.4890625 0.88125 0.978125 0.09375
0 0.7171875 0.97734375 0.5609375 0.0421875
0 0.06484375 0.5984375 0.125 0.8
0 0.303125 0.49921875 0.2546875 0.9984375
0 0.6078125 0.49921875 0.3421875 0.9984375
0 0.83984375 0.4515625 0.3140625 0.903125
0 0.96875 0.0578125 0.0578125 0.115625