0 0.175 0.49921875 0.0671875 0.9984375
0 0.21328125 0.49921875 0.0484375 0.9984375
0 0.521875 0.5 0.1078125 0.9984375
0 0.73671875 0.48984375 0.109375 0.9796875
0 0.87578125 0.49921875 0.1234375 0.9984375
0 0.971875 0.2578125 0.053125 0.515625
0 0.49921875 0.04453125 0.9984375 0.065625
0 0.49921875 0.08359375 0.9984375 0.0625
0 0.49921875 0.2109375 0.9984375 0.05625
0 0.49921875 0.32890625 0.9984375 0.05
0 0.49921875 0.38828125 0.9984375 0.0484375
0 0.49921875 0.45625 0.9984375 0.0390625
0 0.49921875 0.57734375 0.9984375 0.053125
0 0.49921875 0.71953125 0.9984375 0.028125
0 0.49921875 0.77734375 0.9984375 0.034375
0 0.49921875 0.8578125 0.9984375 0.0203125
0 0.54296875 0.98671875 0.909375 0.025