0 0.4984375 0.021875 0.996875 0.04375
0 0.49921875 0.10390625 0.99765625 0.04140625
0 0.49921875 0.1984375 0.99765625 0.02109375
0 0.49921875 0.29296875 0.99765625 0.01953125
0 0.49921875 0.41171875 0.99765625 0.0328125
0 0.49921875 0.521875 0.99765625 0.046875
0 0.49921875 0.6484375 0.99765625 0.06171875
0 0.49921875 0.78046875 0.99765625 0.071875
0 0.04375 0.49921875 0.071875 0.9984375
0 0.2484375 0.49921875 0.121875 0.9984375
0 0.4359375 0.49921875 0.184375 0.9984375
0 0.63671875 0.49921875 0.2578125 0.9984375
0 0.8546875 0.46171875 0.28671875 0.92265625
0 0.93515625 0.18203125 0.12578125 0.3640625
0 0.5453125 0.9640625 0.90546875 0.0703125