0 0.49921875 0.0375 0.99765625 0.03046875
0 0.49921875 0.12421875 0.99765625 0.0328125
0 0.49921875 0.20625 0.99765625 0.03125
0 0.49921875 0.29453125 0.99765625 0.034375
0 0.49921875 0.4015625 0.99765625 0.034375
0 0.49921875 0.5171875 0.99765625 0.03515625
0 0.49921875 0.62265625 0.99765625 0.03515625
0 0.49921875 0.7609375 0.99765625 0.03359375
0 0.49921875 0.89765625 0.99765625 0.0390625
0 0.15 0.49921875 0.1390625 0.9984375
0 0.3859375 0.49921875 0.07890625 0.9984375
0 0.6453125 0.49921875 0.0953125 0.9984375
0 0.89609375 0.49921875 0.159375 0.9984375