0 0.49921875 0.11796875 0.9984375 0.0578125
0 0.49921875 0.16796875 0.9984375 0.0484375
0 0.49921875 0.509375 0.9984375 0.046875
0 0.49921875 0.534375 0.9984375 0.05625
0 0.49921875 0.8640625 0.9984375 0.084375
0 0.1328125 0.49921875 0.03828125 0.9984375
0 0.346875 0.49921875 0.05703125 0.9984375
0 0.54921875 0.49921875 0.0859375 0.9984375
0 0.571875 0.49921875 0.08046875 0.9984375
0 0.815625 0.49921875 0.159375 0.9984375
0 0.95546875 0.31171875 0.0859375 0.6234375
0 0.9875 0.06484375 0.02265625 0.1296875