0 0.50234375 0.54453125 0.9953125 0.090625
0 0.5 0.4234375 1 0.04375
0 0.5 0.31171875 1 0.0875
0 0.5 0.2140625 1 0.1375
0 0.5015625 0.09453125 0.996875 0.1875
0 0.69375 0.49453125 0.0796875 0.9875
0 0.428125 0.50390625 0.065625 0.975
0 0.35234375 0.50703125 0.04375 0.965625
0 0.50078125 0.6609375 0.996875 0.140625
0 0.5 0.7515625 1 0.16875
0 0.50234375 0.85390625 0.9953125 0.2140625
0 0.2515625 0.4765625 0.040625 0.946875
0 0.09140625 0.5 0.034375 1
0 0.37109375 0.915625 0.7390625 0.16875
0 0.50078125 0.50859375 0.9984375 0.0453125
0 0.50234375 0.4453125 0.9953125 0.028125
0 0.85546875 0.51328125 0.0515625 0.9734375
0 0.5 0.5859375 1 0.09375
0 0.5 0.37890625 1 0.040625
0 0.5 0.24453125 1 0.11875
0 0.5 0.18515625 1 0.153125
0 0.5 0.11875 1 0.1796875
0 0.4015625 0.078125 0.803125 0.153125
0 0.21953125 0.05625 0.4375 0.109375
0 0.50546875 0.71328125 0.9890625 0.15
0 0.509375 0.88359375 0.95625 0.2171875
0 0.49765625 0.5015625 0.05 0.9953125
0 0.18125 0.94609375 0.3625 0.1046875
0 0.65625 0.49140625 0.04375 0.98125
0 0.50546875 0.82890625 0.9609375 0.1828125