0 0.4984375 0.01796875 0.996875 0.0359375
0 0.4984375 0.078125 0.996875 0.040625
0 0.4984375 0.15234375 0.996875 0.05546875
0 0.4984375 0.2328125 0.996875 0.04140625
0 0.4984375 0.2921875 0.996875 0.04140625
0 0.4984375 0.3625 0.996875 0.0375
0 0.4984375 0.45078125 0.996875 0.03203125
0 0.4984375 0.54375 0.996875 0.0328125
0 0.50546875 0.6421875 0.98359375 0.0375
0 0.4984375 0.73515625 0.996875 0.0375
0 0.4984375 0.85 0.996875 0.0375
0 0.4984375 0.9640625 0.996875 0.03515625
0 0.05703125 0.36640625 0.1140625 0.7328125
0 0.19296875 0.49921875 0.12265625 0.9984375
0 0.3828125 0.49921875 0.05625 0.9984375
0 0.5796875 0.49921875 0.0671875 0.9984375
0 0.778125 0.49921875 0.134375 0.9984375
0 0.9375 0.34140625 0.11875 0.68203125