0 0.49921875 0.05703125 0.99765625 0.015625
0 0.49921875 0.15234375 0.99765625 0.02109375
0 0.49921875 0.26796875 0.99765625 0.02578125
0 0.49921875 0.38046875 0.99765625 0.03125
0 0.49921875 0.5125 0.99765625 0.03046875
0 0.49921875 0.65390625 0.99765625 0.0328125
0 0.49921875 0.79453125 0.99765625 0.05
0 0.49921875 0.9484375 0.99765625 0.06640625
0 0.12265625 0.48046875 0.1078125 0.9609375
0 0.34140625 0.49921875 0.1546875 0.9984375
0 0.55390625 0.49921875 0.1984375 0.9984375
0 0.75625 0.49921875 0.253125 0.9984375
0 0.90234375 0.29140625 0.19140625 0.5828125