0 0.49921875 0.06171875 0.9984375 0.04140625
0 0.49921875 0.13828125 0.9984375 0.05
0 0.49921875 0.23515625 0.9984375 0.046875
0 0.49921875 0.41796875 0.9984375 0.046875
0 0.49921875 0.40625 0.9984375 0.0484375
0 0.49921875 0.6140625 0.9984375 0.05546875
0 0.49921875 0.74453125 0.9984375 0.053125
0 0.49921875 0.8421875 0.9984375 0.05703125
0 0.16015625 0.49921875 0.0640625 0.9984375
0 0.203125 0.49921875 0.04375 0.9984375
0 0.5796875 0.49921875 0.10625 0.9984375
0 0.74296875 0.49921875 0.1609375 0.9984375
0 0.94375 0.284375 0.10859375 0.56875