0 0.49921875 0.05390625 0.9984375 0.04453125
0 0.49921875 0.16484375 0.9984375 0.04453125
0 0.49921875 0.26875 0.9984375 0.0390625
0 0.49921875 0.39453125 0.9984375 0.046875
0 0.49921875 0.52578125 0.9984375 0.04921875
0 0.49921875 0.66640625 0.9984375 0.03984375
0 0.49921875 0.81171875 0.9984375 0.04609375
0 0.49921875 0.9765625 0.9984375 0.0453125
0 0.08203125 0.4875 0.05390625 0.975
0 0.3390625 0.49921875 0.096875 0.9984375
0 0.61015625 0.49921875 0.1609375 0.9984375
0 0.88984375 0.49921875 0.2046875 0.9984375