0 0.87265625 0.37578125 0.1125 0.740625
0 0.9296875 0.375 0.115625 0.75
0 0.80859375 0.3734375 0.09375 0.74375
0 0.74375 0.37421875 0.09375 0.7484375
0 0.66171875 0.375 0.0875 0.7453125
0 0.5875 0.3734375 0.0625 0.746875
0 0.4796875 0.375 0.0515625 0.746875
0 0.39140625 0.3765625 0.046875 0.746875
0 0.290625 0.3765625 0.0375 0.74375
0 0.178125 0.3734375 0.03125 0.740625
0 0.05390625 0.375 0.05 0.746875
0 0.56328125 0.05234375 0.8734375 0.103125
0 0.5 0.109375 1 0.1125
0 0.48984375 0.2 0.9796875 0.0625
0 0.5 0.2765625 1 0.028125
0 0.490625 0.37109375 0.98125 0.0703125
0 0.5 0.4578125 1 0.1125
0 0.5 0.540625 1 0.165625
0 0.5 0.62734375 1 0.2296875
0 0.5703125 0.6625 0.853125 0.175
0 0.72421875 0.68828125 0.5515625 0.1234375
0 0.9625 0.49296875 0.075 0.5109375