0 0.92890625 0.50078125 0.021875 0.9984375
0 0.79140625 0.50078125 0.0125 0.9984375
0 0.76171875 0.50078125 0.0203125 0.9984375
0 0.59765625 0.50078125 0.028125 0.9984375
0 0.56484375 0.50078125 0.01875 0.9984375
0 0.4046875 0.50078125 0.028125 0.9984375
0 0.278125 0.50078125 0.0171875 0.9984375
0 0.20859375 0.50078125 0.028125 0.9984375
0 0.040625 0.50078125 0.025 0.9984375
0 0.50078125 0.8125 0.9984375 0.1
0 0.50078125 0.67734375 0.9984375 0.0609375
0 0.50078125 0.48671875 0.9984375 0.0484375
0 0.50078125 0.28359375 0.9984375 0.0265625
0 0.50078125 0.17578125 0.9984375 0.0578125