0 0.4984375 0.0390625 0.996875 0.03125
0 0.4984375 0.096875 0.996875 0.028125
0 0.4984375 0.153125 0.996875 0.03125
0 0.4984375 0.20859375 0.996875 0.0328125
0 0.4984375 0.2734375 0.996875 0.034375
0 0.4984375 0.3453125 0.996875 0.034375
0 0.4984375 0.41953125 0.996875 0.0390625
0 0.4984375 0.51796875 0.996875 0.0328125
0 0.4984375 0.63515625 0.996875 0.0203125
0 0.4984375 0.73984375 0.996875 0.0234375
0 0.4984375 0.86796875 0.996875 0.0171875
0 0.578125 0.9890625 0.8390625 0.01953125
0 0.0234375 0.0671875 0.046875 0.13359375
0 0.10625 0.49921875 0.2125 0.9984375
0 0.296875 0.49921875 0.08125 0.9984375
0 0.496875 0.49921875 0.0796875 0.9984375
0 0.71796875 0.4921875 0.2296875 0.984375
0 0.86484375 0.428125 0.26484375 0.85546875
0 0.93671875 0.13046875 0.12109375 0.26015625