0 0.4984375 0.115625 0.996875 0.071875
0 0.4984375 0.1578125 0.996875 0.05625
0 0.4984375 0.36015625 0.996875 0.0359375
0 0.4984375 0.54296875 0.996875 0.0484375
0 0.4984375 0.57890625 0.996875 0.0453125
0 0.4984375 0.72421875 0.996875 0.0484375
0 0.55546875 0.81875 0.8828125 0.02109375
0 0.5703125 0.92421875 0.8546875 0.04296875
0 0.24609375 0.50078125 0.11328125 0.9953125
0 0.428125 0.49921875 0.1 0.99765625
0 0.66015625 0.49921875 0.11171875 0.9984375
0 0.7640625 0.49921875 0.1234375 0.9984375
0 0.05078125 0.4015625 0.084375 0.80234375
0 0.49765625 0.340625 0.99453125 0.04765625