0 0.50078125 0.05859375 0.9984375 0.028125
0 0.50078125 0.103125 0.9984375 0.0125
0 0.50078125 0.16640625 0.9984375 0.021875
0 0.50078125 0.23515625 0.9984375 0.009375
0 0.50078125 0.28125 0.9984375 0.01875
0 0.50078125 0.38125 0.9984375 0.015625
0 0.50078125 0.4046875 0.9984375 0.009375
0 0.50078125 0.53671875 0.9984375 0.0109375
0 0.50078125 0.559375 0.9984375 0.034375
0 0.50078125 0.73515625 0.9984375 0.03125
0 0.50078125 0.92734375 0.9984375 0.0375
0 0.50078125 0.95625 0.9984375 0.034375
0 0.85234375 0.49921875 0.0765625 0.9984375
0 0.77578125 0.49921875 0.0421875 0.9984375
0 0.52734375 0.49921875 0.0515625 0.9984375
0 0.5015625 0.49921875 0.05625 0.9984375
0 0.246875 0.49921875 0.128125 0.9984375
0 0.175 0.49921875 0.171875 0.9984375
0 0.040625 0.1140625 0.0765625 0.228125