0 0.49921875 0.065625 0.9984375 0.034375
0 0.49921875 0.1515625 0.9984375 0.03828125
0 0.49921875 0.26171875 0.9984375 0.03671875
0 0.49921875 0.37109375 0.9984375 0.03671875
0 0.49921875 0.48828125 0.9984375 0.0453125
0 0.49921875 0.61171875 0.9984375 0.04921875
0 0.49921875 0.74453125 0.9984375 0.06328125
0 0.49921875 0.8875 0.9984375 0.0609375
0 0.12578125 0.49921875 0.0484375 0.9984375
0 0.3578125 0.49921875 0.053125 0.9984375
0 0.5828125 0.49921875 0.13125 0.9984375
0 0.78984375 0.49921875 0.1984375 0.9984375
0 0.9375 0.2328125 0.121875 0.46484375