0 0.49921875 0.06796875 0.9984375 0.02734375
0 0.49921875 0.178125 0.9984375 0.02890625
0 0.49921875 0.29140625 0.9984375 0.03046875
0 0.49921875 0.403125 0.9984375 0.03046875
0 0.49921875 0.50625 0.9984375 0.03203125
0 0.49921875 0.61796875 0.9984375 0.03046875
0 0.49921875 0.72890625 0.9984375 0.02734375
0 0.49921875 0.84921875 0.9984375 0.021875
0 0.49921875 0.97265625 0.9984375 0.0234375
0 0.16640625 0.49921875 0.1203125 0.9984375
0 0.36640625 0.49921875 0.0828125 0.9984375
0 0.58359375 0.49921875 0.0453125 0.9984375
0 0.8484375 0.49921875 0.071875 0.9984375