0 0.94453125 0.49921875 0.0375 0.99765625
0 0.8203125 0.49765625 0.0234375 0.9953125
0 0.71015625 0.5 0.03671875 0.99921875
0 0.61953125 0.5 0.03984375 0.99921875
0 0.53046875 0.4953125 0.0484375 0.990625
0 0.46015625 0.5 0.06015625 0.99921875
0 0.39296875 0.5 0.075 0.99921875
0 0.3171875 0.5 0.08046875 1
0 0.259375 0.5 0.090625 0.99921875
0 0.2015625 0.4984375 0.09921875 0.996875
0 0.15234375 0.49765625 0.09765625 0.9953125
0 0.10390625 0.496875 0.1078125 0.99375
0 0.06171875 0.5 0.11328125 0.99921875
0 0.40234375 0.1078125 0.7828125 0.21484375
0 0.5015625 0.171875 0.99609375 0.2390625
0 0.5 0.2875 0.99921875 0.16328125
0 0.5 0.39609375 0.99453125 0.09296875
0 0.49921875 0.509375 0.9953125 0.03203125
0 0.49921875 0.58515625 0.99765625 0.07421875
0 0.50078125 0.63515625 0.99296875 0.096875
0 0.50625 0.740625 0.97890625 0.14375
0 0.5015625 0.8546875 0.99609375 0.2140625
0 0.3 0.915625 0.6 0.1671875
0 0.03671875 0.34921875 0.0734375 0.6984375
0 0.20703125 0.0734375 0.4140625 0.146875
0 0.0171875 0.1546875 0.034375 0.309375
0 0.09375 0.040625 0.1875 0.08125
0 0.08828125 0.965625 0.1765625 0.065625