0 0.49921875 0.021875 0.9984375 0.03671875
0 0.49921875 0.125 0.9984375 0.03203125
0 0.49921875 0.246875 0.9984375 0.025
0 0.49921875 0.38046875 0.9984375 0.02265625
0 0.49921875 0.5140625 0.9984375 0.02578125
0 0.49921875 0.6640625 0.9984375 0.02734375
0 0.49921875 0.81796875 0.9984375 0.04453125
0 0.51796875 0.975 0.959375 0.04375
0 0.05625 0.49921875 0.1125 0.9984375
0 0.3109375 0.49921875 0.06875 0.9984375
0 0.56640625 0.49921875 0.0421875 0.9984375
0 0.80234375 0.49921875 0.0484375 0.9984375