0 0.49921875 0.14375 0.9984375 0.0171875
0 0.49921875 0.1609375 0.9984375 0.0203125
0 0.49921875 0.32109375 0.9984375 0.02265625
0 0.49921875 0.33671875 0.9984375 0.015625
0 0.49921875 0.4875 0.9984375 0.015625
0 0.49921875 0.5125 0.9984375 0.02109375
0 0.49921875 0.88359375 0.9984375 0.0390625
0 0.49921875 0.9046875 0.9984375 0.0453125
0 0.171875 0.49921875 0.13125 0.9984375
0 0.23046875 0.5 0.0875 0.99921875
0 0.6671875 0.5 0.10390625 0.99921875
0 0.49921875 0.7171875 0.9984375 0.03203125
0 0.49921875 0.70703125 0.9984375 0.0296875