0 0.49921875 0.08125 0.9984375 0.0234375
0 0.49921875 0.11171875 0.9984375 0.03984375
0 0.49921875 0.278125 0.9984375 0.0296875
0 0.49921875 0.31015625 0.9984375 0.01875
0 0.49921875 0.48359375 0.9984375 0.05234375
0 0.49921875 0.58828125 0.9984375 0.02890625
0 0.49921875 0.7203125 0.9984375 0.021875
0 0.16171875 0.49921875 0.0328125 0.9984375
0 0.21171875 0.49921875 0.0296875 0.9984375
0 0.52734375 0.49921875 0.0390625 0.9984375
0 0.67734375 0.49921875 0.0765625 0.9984375
0 0.87890625 0.49921875 0.1296875 0.9984375