0 0.7515625 0.4984375 0.21875 0.996875
0 0.25078125 0.4984375 0.0671875 0.996875
0 0.49375 0.4984375 0.140625 0.996875
0 0.915625 0.6921875 0.16171875 0.6109375
0 0.503125 0.4671875 0.93984375 0.07734375
0 0.50859375 0.3078125 0.9765625 0.0765625
0 0.50390625 0.18671875 0.971875 0.07734375
0 0.50546875 0.12265625 0.9734375 0.09140625
0 0.4984375 0.9046875 0.996875 0.05625
0 0.4984375 0.77421875 0.996875 0.06640625
0 0.49765625 0.6265625 0.98828125 0.06484375
0 0.1578125 0.521875 0.03203125 0.9515625
0 0.50390625 0.0578125 0.9734375 0.09609375
0 0.6625 0.4984375 0.209375 0.996875
0 0.503125 0.4328125 0.94140625 0.06640625
0 0.4984375 0.8671875 0.996875 0.04765625
0 0.83828125 0.4984375 0.2828125 0.996875
0 0.33984375 0.4984375 0.0984375 0.99609375
0 0.02890625 0.49765625 0.0578125 0.9953125