0 0.49765625 0.10234375 0.9953125 0.0265625
0 0.49765625 0.2171875 0.9953125 0.021875
0 0.49765625 0.32421875 0.9953125 0.01953125
0 0.49765625 0.44296875 0.9953125 0.01875
0 0.49765625 0.57578125 0.9953125 0.0171875
0 0.49765625 0.69609375 0.9953125 0.02109375
0 0.49765625 0.81640625 0.9953125 0.0234375
0 0.49765625 0.9328125 0.9953125 0.02890625
0 0.13125 0.49921875 0.06484375 0.99765625
0 0.39921875 0.49921875 0.04453125 0.99765625
0 0.646875 0.49921875 0.0328125 0.99765625
0 0.86953125 0.49921875 0.0578125 0.99765625