0 0.49921875 0.03359375 0.9984375 0.0125
0 0.49921875 0.09921875 0.9984375 0.015625
0 0.49921875 0.17890625 0.9984375 0.01875
0 0.49921875 0.2609375 0.9984375 0.015625
0 0.49921875 0.35703125 0.9984375 0.01875
0 0.49921875 0.46171875 0.9984375 0.01875
0 0.49921875 0.5734375 0.9984375 0.0234375
0 0.49921875 0.7296875 0.9984375 0.0515625
0 0.49921875 0.875 0.9984375 0.053125
0 0.06796875 0.49921875 0.1140625 0.9984375
0 0.2578125 0.49921875 0.021875 0.9984375
0 0.47578125 0.49921875 0.0984375 0.9984375
0 0.70078125 0.49921875 0.2234375 0.9984375
0 0.875 0.42265625 0.24375 0.8453125
0 0.95859375 0.11796875 0.0796875 0.2359375