0 0.5140625 0.02421875 0.96875 0.0484375
0 0.50703125 0.153125 0.98203125 0.05859375
0 0.50390625 0.28828125 0.98828125 0.053125
0 0.49921875 0.4109375 0.99765625 0.046875
0 0.49921875 0.5609375 0.99765625 0.034375
0 0.49921875 0.71640625 0.99765625 0.0359375
0 0.49921875 0.91484375 0.99765625 0.028125
0 0.01796875 0.20703125 0.0359375 0.41015625
0 0.24765625 0.49921875 0.0859375 0.9984375
0 0.490625 0.49921875 0.071875 0.9984375
0 0.77265625 0.49921875 0.0578125 0.9984375
0 0.16953125 0.9328125 0.03203125 0.13125
0 0.64765625 0.9359375 0.04765625 0.125