0 0.96015625 0.4984375 0.0609375 0.996875
0 0.91640625 0.4984375 0.0546875 0.996875
0 0.7921875 0.4984375 0.05 0.996875
0 0.72890625 0.4984375 0.0578125 0.996875
0 0.6453125 0.4984375 0.053125 0.996875
0 0.51171875 0.4984375 0.0453125 0.996875
0 0.478125 0.4984375 0.040625 0.996875
0 0.3125 0.4984375 0.040625 0.996875
0 0.2765625 0.4984375 0.040625 0.996875
0 0.14140625 0.4984375 0.0328125 0.996875
0 0.50078125 0.20546875 0.9984375 0.075
0 0.50078125 0.278125 0.9984375 0.0515625
0 0.50078125 0.56875 0.9984375 0.1046875
0 0.50078125 0.64453125 0.9984375 0.14375
0 0.50078125 0.9078125 0.9984375 0.1671875