0 0.49921875 0.01875 0.99765625 0.03515625
0 0.49921875 0.1265625 0.99765625 0.04765625
0 0.49921875 0.21953125 0.99765625 0.053125
0 0.49921875 0.32890625 0.99765625 0.04921875
0 0.49921875 0.45703125 0.99765625 0.04375
0 0.49921875 0.5828125 0.99765625 0.0453125
0 0.49921875 0.725 0.99765625 0.0671875
0 0.54140625 0.88125 0.9140625 0.065625
0 0.2 0.49921875 0.0625 0.9984375
0 0.415625 0.43984375 0.128125 0.8796875
0 0.61171875 0.49921875 0.1890625 0.9984375
0 0.83046875 0.50546875 0.2390625 0.98671875
0 0.92890625 0.2671875 0.13515625 0.515625
0 0.8578125 0.9890625 0.28046875 0.0203125