0 0.49921875 0.02109375 0.99765625 0.01875
0 0.49921875 0.15546875 0.99765625 0.0171875
0 0.49921875 0.31015625 0.99765625 0.01875
0 0.49921875 0.46328125 0.99765625 0.04921875
0 0.49921875 0.621875 0.99765625 0.059375
0 0.49921875 0.7828125 0.99765625 0.0640625
0 0.49921875 0.95234375 0.99765625 0.06328125
0 0.05078125 0.290625 0.1015625 0.58125
0 0.121875 0.49921875 0.1734375 0.9984375
0 0.22265625 0.49921875 0.1375 0.9984375
0 0.36640625 0.49921875 0.09765625 0.9984375
0 0.5125 0.49921875 0.11875 0.9984375
0 0.64921875 0.49921875 0.06015625 0.9984375
0 0.78046875 0.49921875 0.0734375 0.9984375
0 0.91484375 0.49921875 0.0265625 0.9984375