0 0.49921875 0.0734375 0.99765625 0.0734375
0 0.49921875 0.17734375 0.99765625 0.07421875
0 0.48671875 0.29140625 0.97265625 0.0734375
0 0.49921875 0.40859375 0.99765625 0.0734375
0 0.49921875 0.53046875 0.99765625 0.07421875
0 0.49921875 0.65625 0.99765625 0.08046875
0 0.49921875 0.7875 0.99765625 0.0765625
0 0.49921875 0.91953125 0.99765625 0.0671875
0 0.1421875 0.49921875 0.18359375 0.9984375
0 0.3734375 0.49921875 0.20625 0.9984375
0 0.6015625 0.49921875 0.20859375 0.9984375
0 0.8171875 0.49921875 0.22265625 0.9984375
0 0.959375 0.1828125 0.07734375 0.36484375