0 0.49921875 0.059375 0.9984375 0.05
0 0.49921875 0.165625 0.9984375 0.05625
0 0.49921875 0.27890625 0.9984375 0.053125
0 0.49921875 0.3953125 0.9984375 0.0609375
0 0.49921875 0.503125 0.9984375 0.0625
0 0.49921875 0.6234375 0.9984375 0.071875
0 0.49921875 0.76328125 0.9984375 0.078125
0 0.48984375 0.9453125 0.9796875 0.084375
0 0.15078125 0.49921875 0.1015625 0.9984375
0 0.4 0.49921875 0.184375 0.9984375
0 0.63828125 0.49921875 0.2421875 0.9984375
0 0.85703125 0.4890625 0.28125 0.978125
0 0.96328125 0.09453125 0.0703125 0.1890625