0 0.9734375 0.49921875 0.053125 0.996875
0 0.85390625 0.49921875 0.0703125 0.996875
0 0.7515625 0.49921875 0.0625 0.996875
0 0.646875 0.49921875 0.040625 0.996875
0 0.53671875 0.49921875 0.03125 0.996875
0 0.41796875 0.48359375 0.034375 0.965625
0 0.29296875 0.4859375 0.0515625 0.971875
0 0.1734375 0.48828125 0.05 0.9765625
0 0.03125 0.48828125 0.03125 0.9765625
0 0.50078125 0.128125 0.9984375 0.128125
0 0.50078125 0.35078125 0.9984375 0.0875
0 0.50078125 0.57421875 0.9984375 0.065625
0 0.50078125 0.7703125 0.9984375 0.034375
0 0.50078125 0.9703125 0.9984375 0.05625
0 0.0640625 0.86875 0.1265625 0.03125