0 0.12421875 0.49921875 0.1203125 0.9984375
0 0.415625 0.49921875 0.078125 0.9984375
0 0.51328125 0.49921875 0.08203125 0.9984375
0 0.73046875 0.49921875 0.0453125 0.9984375
0 0.93671875 0.49921875 0.0578125 0.9984375
0 0.49921875 0.0796875 0.99765625 0.02890625
0 0.49921875 0.11015625 0.99765625 0.04296875
0 0.49921875 0.2453125 0.99765625 0.02109375
0 0.49921875 0.35 0.99765625 0.03984375
0 0.49921875 0.4015625 0.99765625 0.01796875
0 0.49921875 0.578125 0.99765625 0.0203125
0 0.49921875 0.6203125 0.99765625 0.03671875
0 0.49921875 0.7515625 0.99765625 0.02890625
0 0.49921875 0.88125 0.99765625 0.04765625
0 0.49921875 0.92890625 0.99765625 0.02578125