0 0.49921875 0.0203125 0.99765625 0.03359375
0 0.49921875 0.0765625 0.99765625 0.03671875
0 0.49921875 0.15625 0.99765625 0.0390625
0 0.49921875 0.19140625 0.99765625 0.034375
0 0.49921875 0.25859375 0.99765625 0.034375
0 0.49921875 0.33125 0.99765625 0.03671875
0 0.49921875 0.41171875 0.99765625 0.03671875
0 0.49921875 0.50546875 0.99765625 0.03828125
0 0.49921875 0.5984375 0.99765625 0.040625
0 0.49921875 0.69921875 0.99765625 0.04375
0 0.49921875 0.80546875 0.99765625 0.04453125
0 0.49921875 0.9234375 0.99765625 0.04375
0 0.14609375 0.49921875 0.05 0.9984375
0 0.40390625 0.49921875 0.125 0.9984375
0 0.6421875 0.49921875 0.22734375 0.9984375
0 0.85703125 0.49921875 0.28203125 0.9984375
0 0.953125 0.1203125 0.08984375 0.240625