0 0.49921875 0.09375 0.99765625 0.0546875
0 0.49921875 0.20859375 0.99765625 0.0671875
0 0.49921875 0.340625 0.99765625 0.0828125
0 0.49921875 0.46015625 0.99765625 0.09140625
0 0.49921875 0.60078125 0.99765625 0.11328125
0 0.49921875 0.76171875 0.99765625 0.128125
0 0.49921875 0.903125 0.99765625 0.14375
0 0.08984375 0.584375 0.1796875 0.828125
0 0.01640625 0.9265625 0.03046875 0.14375
0 0.2171875 0.49921875 0.24375 0.9984375
0 0.3609375 0.49921875 0.275 0.9984375
0 0.490625 0.49921875 0.284375 0.9984375
0 0.62734375 0.49921875 0.3390625 0.9984375
0 0.759375 0.49921875 0.35 0.9984375
0 0.84296875 0.41640625 0.31015625 0.83203125
0 0.8984375 0.26875 0.19921875 0.5375
0 0.95625 0.08984375 0.08125 0.1796875