0 0.50078125 0.06171875 0.9984375 0.084375
0 0.50078125 0.16328125 0.9984375 0.05625
0 0.50078125 0.2265625 0.9984375 0.0625
0 0.50078125 0.28359375 0.9984375 0.053125
0 0.50078125 0.3796875 0.9984375 0.046875
0 0.50078125 0.41015625 0.9984375 0.034375
0 0.50078125 0.53671875 0.9984375 0.034375
0 0.50078125 0.66484375 0.9984375 0.0234375
0 0.50078125 0.703125 0.9984375 0.0234375
0 0.50078125 0.796875 0.9984375 0.021875
0 0.50078125 0.89296875 0.9984375 0.034375
0 0.50078125 0.93046875 0.9984375 0.034375
0 0.88359375 0.49921875 0.0765625 0.9984375
0 0.70625 0.49921875 0.0921875 0.9984375
0 0.48828125 0.49921875 0.128125 0.9984375
0 0.275 0.49921875 0.103125 0.9984375
0 0.215625 0.49921875 0.11875 0.9984375
0 0.059375 0.49921875 0.1140625 0.9984375